# base
0.0 0.0 0.0 black
0.142857 0.142857 0.142857 gray_1
0.285714 0.285714 0.285714 gray_2
0.428571 0.428571 0.428571 gray_3
0.571429 0.571429 0.571429 gray_4
0.714286 0.714286 0.714286 gray_5
0.857143 0.857143 0.857143 gray_6
1.0 1.0 1.0 white
0.2 0.0 0.0 red_1
0.4 0.0 0.0 red_2
0.6 0.0 0.0 red_3
0.8 0.0 0.0 red_4
1.0 0.0 0.0 red
1.0 0.2 0.2 red_5
1.0 0.4 0.4 red_6
1.0 0.8 0.8 red_7
0.0 0.0 0.2 blue_1
0.0 0.0 0.4 blue_2
0.0 0.0 0.6 blue_3
0.0 0.0 0.8 blue_4
0.0 0.0 1.0 blue
0.2 0.2 1.0 blue_5
0.4 0.4 1.0 blue_6
0.8 0.8 1.0 blue_7
0.0 0.2 0.0 green_1
0.0 0.4 0.0 green_2
0.0 0.6 0.0 green_3
0.0 0.8 0.0 green_4
0.0 1.0 0.0 green
0.2 1.0 0.2 green_5
0.4 1.0 0.4 green_6
0.8 1.0 0.8 green_7
0.2 0.2 0.0 yellow_1
0.4 0.4 0.0 yellow_2
0.6 0.6 0.0 yellow_3
0.8 0.8 0.0 yellow_4
1.0 1.0 0.0 yellow
1.0 1.0 0.2 yellow_5
1.0 1.0 0.4 yellow_6
1.0 1.0 0.8 yellow_7
0.3 0.1 0.0 orange_1
0.4 0.2 0.0 orange_2
0.6 0.3 0.0 orange_3
0.8 0.4 0.0 orange_4
1.0 0.5 0.0 orange
1.0 0.6 0.2 orange_5
1.0 0.7 0.4 orange_6
1.0 0.9 0.8 orange_7
0.2 0.0 0.2 magenta_1
0.4 0.0 0.4 magenta_2
0.6 0.0 0.6 magenta_3
0.8 0.0 0.8 magenta_4
1.0 0.0 1.0 magenta
1.0 0.2 1.0 magenta_5
1.0 0.4 1.0 magenta_6
1.0 0.8 1.0 magenta_7
0.0 0.2 0.2 cyan_1
0.0 0.4 0.4 cyan_2
0.0 0.6 0.6 cyan_3
0.0 0.8 0.8 cyan_4
0.0 1.0 1.0 cyan
0.2 1.0 1.0 cyan_5
0.4 1.0 1.0 cyan_6
0.8 1.0 1.0 cyan_7